2	까치산	90	0
2	신정네거리	90	0
2	양천구청	90	0
2	도림천	90	0
2	신도림	90	1
2	대림	90	0
2	구로디지털단지	90	0
2	신대방	90	0
2	신림	90	0
2	봉천	90	0
2	서울대입구	90	0
2	낙성대	90	0
2	사당	90	0
2	방배	90	0
2	서초	90	0
2	교대	90	0
2	강남	90	0
2	역삼	90	0
2	선릉	90	0
2	삼성	90	0
2	종합운동장	90	0
2	잠실새내	90	0
2	잠실	90	0
2	잠실나루	90	0
2	강변	90	0
2	구의	90	0
2	건대입구	90	2
2	성수	90	0
2	문래	90	0
2	영등포구청	90	0
2	당산	90	0
2	합정	90	0
2	홍대입구	90	0
2	신촌	90	0
2	이대	90	0
2	아현	90	0
2	충정로	90	0
2	시청	90	0
2	을지로입구	90	0
2	을지로3가	90	0
2	을지로4가	90	0
2	동대문역사문화공원	90	0
2	신당	90	0
2	상왕십리	90	0
2	왕십리	90	0
2	한양대	90	0
2	뚝섬	90	3
2	성수	90	0
2	용답	90	0
2	신답	90	0
2	용두	90	0
2	신설동	90	0
