5	방화	90	0
5	개화산	90	0
5	김포공항	90	0
5	송정	90	0
5	마곡	90	0
5	발산	90	0
5	우장산	90	0
5	화곡	90	0
5	까치산	90	0
5	신정	90	0
5	목동	90	0
5	오목교	90	0
5	양평	90	0
5	영등포구청	90	0
5	영등포시장	90	0
5	신길	90	0
5	여의도	90	0
5	여의나루	90	0
5	마포	90	0
5	공덕	90	0
5	애오개	90	0
5	충정로	90	0
5	서대문	90	0
5	광화문	90	0
5	종로3가	90	0
5	을지로4가	90	0
5	동대문역사문화공원	90	0
5	청구	90	0
5	신금호	90	0
5	행당	90	0
5	왕십리	90	0
5	마장	90	0
5	답십리	90	0
5	장한평	90	0
5	군자	90	0
5	아차산	90	0
5	광나루	90	0
5	천호	90	0
5	강동	90	1
5	길동	90	0
5	굽은다리	90	0
5	명일	90	0
5	고덕	90	0
5	상일동	90	0
5	강일	90	0
5	미사	90	0
5	하남풍산	90	0
5	하남시청	90	0
5	하남검단산	90	4
5	둔촌동	90	0
5	올림픽공원	90	0
5	방이	90	0
5	오금	90	0
5	개롱	90	0
5	거여	90	0
5	마천	90	0