4	오이도	90	0
4	정왕	90	0
4	신길온천	90	0
4	안산	90	0
4	초지	90	0
4	고잔	90	0
4	중앙	90	0
4	한대앞	90	0
4	상록수	90	0
4	반월	90	0
4	대야미	90	0
4	수리산	90	0
4	산본	90	0
4	금정	90	0
4	범계	90	0
4	평촌	90	0
4	인덕원	90	0
4	정부과천청사	90	0
4	과천	90	0
4	대공원	90	0
4	경마공원	90	0
4	선바위	90	0
4	남태령	120	0
4	사당	90	0
4	총신대입구	150	0
4	동작	180	0
4	이촌	120	0
4	신용산	60	0
4	삼각지	90	0
4	숙대입구	90	0
4	서울역	90	0
4	회현	60	0
4	명동	60	0
4	충무로	120	0
4	동대문역사문화공원	60	0
4	동대문	120	0
4	혜화	90	0
4	한성대입구	90	0
4	성신여대입구	120	0
4	길음	120	0
4	미아사거리	120	0
4	미아	90	0
4	수유	120	0
4	쌍문	120	0
4	창동	90	0
4	노원	90	0
4	상계	150	0
4	당고개	270	0
4	별내별가람	390	0
4	오남	150	0
4	진접	90	0
