7	장암	90	0
7	도봉산	90	0
7	수락산	140	0
7	마들	120	0
7	노원	90	0
7	중계	80	0
7	하계	70	0
7	공릉	90	0
7	태릉입구	60	0
7	먹골	70	0
7	중화	80	0
7	상봉	110	0
7	면목	70	0
7	사가정	70	0
7	용마산	70	0
7	중곡	80	0
7	군자	80	0
7	어린이대공원	80	0
7	건대입구	80	0
7	뚝섬유원지	90	0
7	청담	150	0
7	강남구청	90	0
7	학동	70	0
7	논현	80	0
7	반포	70	0
7	고속터미널	90	0
7	내방	150	0
7	총신대입구	90	0
7	남성	80	0
7	숭실대입구	150	0
7	상도	70	0
7	장승배기	90	0
7	신대방삼거리	110	0
7	보라매	70	0
7	신풍	80	0
7	대림	120	0
7	남구로	90	0
7	가산디지털단지	80	0
7	철산	120	0
7	광명사거리	110	0
7	천왕	120	0
7	온수	140	0
7	까치울	90	0
7	부천종합운동장	90	0
7	춘의	90	0
7	신중동	90	0
7	부천시청	90	0
7	상동	90	0
7	삼산체육관	90	0
7	굴포천	90	0
7	부평구청	90	0
7	산곡	90	0
7	석남	90	0