모란 110	127.129837	37.433824
수진 90	127.140722	37.437428
신흥 100	127.147564	37.440918
단대오거리 100	127.156866	37.44521
남한산성입구 160	127.159816	37.451535
산성 130	127.149908	37.457122
남위례 150	127.13977	37.4624
복정 90	127.126732	37.471052
장지 90	127.126191	37.478703
문정 110	127.1225		37.485855
가락시장 100	127.117757	37.492245
송파 100	127.112183	37.499703
석촌 140	127.106832	37.505557
잠실 100	127.104338	37.514692
몽촌토성 150	127.112359	37.517409
강동구청 130	127.120508	37.530341
천호 130	127.123308	37.53864
암사 90     127.127562  37.55021