개화 250	126.798153	37.578608
김포공항 115	126.801292	37.562384
공항시장 100	126.810678	37.563726
신방화 135	126.816601	37.567532
마곡나루 165	126.82731	37.566778
양천향교 145	126.841333	37.568381
가양 125	126.854456	37.561391
증미 120	126.861939	37.557402
등촌 125	126.865689	37.550632
염창 135	126.874916	37.546936
신목동 135	126.88308	37.544277
선유도 120	126.893525	37.53802
당산 145	126.902767	37.534946
국회의사당 125	126.917874	37.528105
여의도 120	126.924357	37.521747
샛강 140	126.928422	37.517274
노량진 125	126.941005	37.513534
노들 125	126.953222	37.512887
흑석 160	126.963708	37.50877
동작 125	126.978153	37.502878
구반포 125	126.987332	37.501364
신반포 140	126.995925	37.503415
고속터미널 150	127.004916	37.504891
사평 125	127.015259	37.504206
신논현 115	127.02506	37.504598
언주 115	127.033868	37.507287
선정릉 125	127.043999	37.510297
삼성중앙 125	127.053282	37.513011
봉은사 155	127.060245	37.514219
종합운동장 165	127.073704	37.511022
삼전 115	127.088025	37.504738
석촌 165           127.10704   37.505208
석촌고분 165	127.097033	37.502558
송파나루 90     127.112216  37.510372
한성백제 155	127.116503	37.516404
올림픽공원 125	127.130288	37.516269
둔촌오륜 165	127.137989	37.519683
중앙보훈병원 90 127.148739  37.529191