1	인천	90	0
1	동인천	90	0
1	도원	90	0
1	제물포	90	0
1	도화	90	0
1	주안	90	0
1	간석	90	0
1	동암	90	0
1	백운	90	0
1	부평	90	0
1	부개	90	0
1	송내	90	0
1	중동	90	0
1	부천	90	0
1	소사	90	0
1	역곡	90	0
1	온수	90	0
1	오류동	90	0
1	개봉	90	0
1	구일	90	0
1	구로	90	1
1	가산디지털단지	90	0
1	독산	90	0
1	금천구청	90	1
1	광명	90	4
1	석수	90	0
1	관악	90	0
1	안양	90	0
1	명학	90	0
1	금정	90	0
1	군포	90	0
1	당정	90	0
1	의왕	90	0
1	성균관대	90	0
1	화서	90	0
1	수원	90	0
1	세류	90	0
1	병점	90	1
1	서동탄	90	4
1	세마	90	0
1	오산대	90	0
1	오산	90	0
1	진위	90	0
1	송탄	90	0
1	서정리	90	0
1	평택지제	90	0
1	평택	90	0
1	성환	90	0
1	직산	90	0
1	두정	90	0
1	천안	90	0
1	봉명	90	0
1	쌍용	90	0
1	아산	90	0
1	탕정	90	0
1	배방	90	0
1	온양온천	90	0
1	신창	90	4
1	신도림	90	0
1	영등포	90	0
1	신길	90	0
1	대방	90	0
1	노량진	90	0
1	용산	90	0
1	남영	90	0
1	서울역	120	0
1	시청	120	0
1	종각	90	0
1	종로3가	90	0
1	종로5가	90	0
1	동대문	60	0
1	동묘앞	90	0
1	신설동	90	0
1	제기동	90	0
1	청량리	90	0
1	호기	90	0
1	외대앞	90	0
1	신이문	90	0
1	석계	90	0
1	광운대	90	0
1	월계	90	0
1	녹천	90	0
1	창동	90	0
1	방학	90	0
1 도봉 90	0
1	도봉산	90	0
1	망월사	90	0
1	회룡	90	0
1	의정부	90	0
1	가능	90	0
1	녹양	90	0
1	양주	90	0
1	덕계	90	0
1	덕정	90	0
1	지행	90	0
1	동두천중앙	90	0
1	보산	90	0
1	동두천	130	0
1	소요산	90	0
2	까치산	90	0
2	신정네가리	90	0
2	양천구청	90	0
2	도림천	90	0
2	신도림	150	1
2	대림	90	0
2	구로디지털단지	90	0
2	신대방	120	0
2	신림	90	0
2	봉천	60	0
2	서울대입구	90	0
2	낙성대	120	0
2	사당	150	0
2	방배	120	0
2	서초	60	0
2	교대	90	0
2	강남	60	0
2	역삼	90	0
2	선릉	90	0
2	삼성	90	0
2	종합운동장	90	0
2	잠실새내	90	0
2	잠실	90	0
2	잠실나루	120	0
2	강변	60	0
2	구의	120	0
2	건대입구	60	2
2	성수	180	0
2	문래	120	0
2	영등포구청	60	0
2	당산	90	0
2	합정	150	0
2	홍대입구	90	0
2	신촌	120	0
2	이대	60	0
2	아현	60	0
2	충정로	90	0
2	시청	90	0
2	을지로입구	90	0
2	을지로3가	60	0
2	을지로4가	60	0
2	동대문역사문화공원	90	0
2	신당	90	0
2	상왕십리	60	0
2	왕십리	60	0
2	한양대	90	0
2	뚝섬	90	3
2	성수	180	0
2	용답	90	0
2	신답	90	0
2	용두	90	0
2	신설동	90	0
3	오금	90	0
3	경찰병원	60	0
3	가락시장	120	0
3	수서	120	0
3	일원	90	0
3	대청	90	0
3	학여울	60	0
3	대치	60	0
3	도곡	60	0
3	매봉	90	0
3	양재	120	0
3	남부터미널	90	0
3	교대	120	0
3	고속터미널	90	0
3	잠원	60	0
3	신사	120	0
3	압구정	150	0
3	옥수	60	0
3	금호	60	0
3	약수	90	0
3	동대입구	90	0
3	충무로	60	0
3	을지로3가	60	0
3	종로3가	120	0
3	안국	90	0
3	경복궁	120	0
3	독립문	90	0
3	무악재	90	0
3	홍제	120	0
3	녹번	90	0
3	불광	120	0
3	연신내	150	0
3	구파발	150	0
3	지축	90	0
3	삼송	90	0
3	원흥	90	0
3	원당	90	0
3	화정	90	0
3	대곡	90	0
3	백석	90	0
3	마두	90	0
3	정발산	90	0
3	주엽	90	0
3	대화	90	0
4	오이도	90	0
4	정왕	90	0
4	신길온천	90	0
4	안산	90	0
4	초지	90	0
4	고잔	90	0
4	중앙	90	0
4	한대앞	90	0
4	상록수	90	0
4	반월	90	0
4	대야미	90	0
4	수리산	90	0
4	산본	90	0
4	금정	90	0
4	범계	90	0
4	평촌	90	0
4	인덕원	90	0
4	정부과천청사	90	0
4	과천	90	0
4	대공원	90	0
4	경마공원	90	0
4	선바위	90	0
4	남태령	120	0
4	사당	90	0
4	총신대입구	150	0
4	동작	180	0
4	이촌	120	0
4	신용산	60	0
4	삼각지	90	0
4	숙대입구	90	0
4	서울역	90	0
4	회현	60	0
4	명동	60	0
4	충무로	120	0
4	동대문역사문화공원	60	0
4	동대문	120	0
4	혜화	90	0
4	한성대입구	90	0
4	성신여대입구	120	0
4	길음	120	0
4	미아사거리	120	0
4	미아	90	0
4	수유	120	0
4	쌍문	120	0
4	창동	90	0
4	노원	90	0
4	상계	150	0
4	당고개	270	0
4	별내별가람	390	0
4	오남	150	0
4	진접	90	0
5	방화	90	0
5	개화산	90	0
5	김포공항	100	0
5	송정	130	0
5	마곡	90	0
5	발산	100	0
5	우장산	90	0
5	화곡	90	0
5	까치산	90	0
5	신정	110	0
5	목동	70	0
5	오목교	80	0
5	양평	80	0
5	영등포구청	70	0
5	영등포시장	70	0
5	신길	90	0
5	여의도	90	0
5	여의나루	80	0
5	마포	120	0
5	공덕	70	0
5	애오개	80	0
5	충정로	80	0
5	서대문	60	0
5	광화문	90	0
5	종로3가	100	0
5	을지로4가	100	0
5	동대문역사문화공원	90	0
5	청구	80	0
5	신금호	90	0
5	행당	80	0
5	왕십리	70	0
5	마장	60	0
5	답십리	100	0
5	장한평	100	0
5	군자	100	0
5	아차산	90	0
5	광나루	110	0
5	천호	130	0
5	강동	70	1
5	길동	90	0
5	굽은다리	70	0
5	명일	70	0
5	고덕	100	0
5	상일동	100	0
5	강일	70	0
5	미사	110	0
5	하남풍산	150	0
5	하남시청	100	0
5	하남검단산	120	4
5	둔촌동	110	0
5	올림픽공원	100	0
5	방이	80	0
5	오금	80	0
5	개롱	70	0
5	거여	80	0
5	마천	90	0
6	신내	240	0
6	봉화산	80	0
6	화랑대	80	0
6	태릉입구	70	0
6	석계	80	0
6	돌곶이	70	0
6	상월곡	70	0
6	월곡	100	0
6	고려대	70	0
6	안암	70	0
6	보문	70	0
6	창신	80	0
6	동묘앞	60	0
6	신당	70	0
6	청구	70	0
6	약수	70	0
6	버티고개	90	0
6	한강진	90	0
6	이태원	70	0
6	녹사평	100	0
6	삼각지	90	0
6	효창공원앞	80	0
6	공덕	80	0
6	대흥	90	0
6	광흥창	70	0
6	상수	70	0
6	합정	80	0
6	망원	80	0
6	마포구청	70	0
6	월드컵경기장	70	0
6	디지털미디어시티	90	0
6	증산	80	0
6	새절	80	0
6	응암	90	5
6	역촌	90	0
6	불광	90	0
6	독바위	90	0
6	연신내	90	0
6	구산	90	0
6	응암	90	5
7	장암	90	0
7	도봉산	90	0
7	수락산	140	0
7	마들	120	0
7	노원	90	0
7	중계	80	0
7	하계	70	0
7	공릉	90	0
7	태릉입구	60	0
7	먹골	70	0
7	중화	80	0
7	상봉	110	0
7	면목	70	0
7	사가정	70	0
7	용마산	70	0
7	중곡	80	0
7	군자	80	0
7	어린이대공원	80	0
7	건대입구	80	0
7	뚝섬유원지	90	0
7	청담	150	0
7	강남구청	90	0
7	학동	70	0
7	논현	80	0
7	반포	70	0
7	고속터미널	90	0
7	내방	150	0
7	총신대입구	90	0
7	남성	80	0
7	숭실대입구	150	0
7	상도	70	0
7	장승배기	90	0
7	신대방삼거리	110	0
7	보라매	70	0
7	신풍	80	0
7	대림	120	0
7	남구로	90	0
7	가산디지털단지	80	0
7	철산	120	0
7	광명사거리	110	0
7	천왕	120	0
7	온수	140	0
7	까치울	90	0
7	부천종합운동장	90	0
7	춘의	90	0
7	신중동	90	0
7	부천시청	90	0
7	상동	90	0
7	삼산체육관	90	0
7	굴포천	90	0
7	부평구청	90	0
7	산곡	90	0
7	석남	90	0
8	모란	90	0
8	수진	70	0
8	신흥	70	0
8	단대오거리	70	0
8	남한산성입구	130	0
8	산성	100	0
8	남위례	110	0
8	복정	70	0
8	장지	70	0
8	문정	70	0
8	가락시장	70	0
8	송파	70	0
8	석촌	110	0
8	잠실	70	0
8	몽촌토성	120	0
8	강동구청	80	0
8	천호	90	0
8	암사	90	0
9	개화	270	0
9	김포공항	120	0
9	공항시장	105	0
9	신방화	215	0
9	마곡나루	90	0
9	양천향교	145	0
9	가양	140	0
9	증미	140	0
9	등촌	125	0
9	염창	105	0
9	신목동	140	0
9	선유도	120	0
9	당산	150	0
9	국회의사당	110	0
9	여의도	120	0
9	샛강	135	0
9	노량진	125	0
9	노들	125	0
9	흑석	155	0
9	동작	125	0
9	구반포	105	0
9	신반포	110	0
9	고속터미널	140	0
9	사평	145	0
9	신논현	145	0
9	언주	90	0
9	선정릉	90	0
9	삼성중앙	90	0
9	봉은사	90	0
9	종합운동장	90	0
9	삼전	90	0
9	석촌고분	90	0
9	석촌	90	0
9	송파나루	90	0
9	한성백제	90	0
9	올림픽공원	90	0
9	둔촌오륜	90	0
9	중앙보훈병원	90	0