1	서울역	127	4
1	시청	81	2
1	종로3가	94	3
1	종로3가	250	5
1	동대문	155	4
1	동묘앞	77	6
1	신설동	127	2
1	시청	81	1
2	을지로3가	119	3
2	을지로4가	62	5
2	동대문역사문화공원	36	4
2	동대문역사문화공원	187	5
2	신당	194	6
2	왕십리	69	5
2	성수	18	2
2	건대입구	62	7
2	잠실	152	8
2	종합운동장	75	9
2	교대	60	3
2	사당	59	4
2	대림	221	7
2	신도림	65	1
2	신도림	65	2
2	영등포구청	88	5
2	당산	84	9
2	합정	66	6
2	충정로	170	5
2	신설동	127	1
3	종로3가	94	1
3	종로3가	94	5
3	을지로3가	119	2
3	교대	60	2
3	연신내	145	6
3	불광	80	6
3	충무로	14	4
3	약수	104	6
3	고속터미널	135	7
3	고속터미널	124	9
3	가락시장	28	8
3	오금	52	5
4	서울	127	1
4	동대문	155	1
4	동대문역사문화공원	36	2
4	동대문역사문화공원	86	5
4	사당	59	2
4	충무로	14	3
4	노원	222	7
4	창동	67	1
4	삼각지	124	6
4	동작	196	9
4	총신대입구	137	7
5	김포공항	85	9
5	까치산	14	2
5	영등포구청	88	2
5	신길	194	1
5	여의도	54	9
5	공덕	58	6
5	충정로	170	2
5	종로3가	250	1
5	종로3가	94	3
5	을지로4가	62	2
5	동대문역사문화공원	187	2
5	동대문역사문화공원	86	4
5	청구	83	6
5	왕십리	69	2
5	군자	60	7
5	천호	28	8
5	강동	15	5
5	올림픽공원	74	9
5	오금	52	3
6	태릉입구	37	7
6	동묘앞	77	1
6	신당	194	2
6	청구	83	5
6	약수	104	3
6	삼각지	124	4
6	공덕	58	5
6	합정	66	2
6	불광	80	3
6	연신내	145	3
7	도봉산	35	1
7	노원	222	4
7	태릉입구	37	6
7	군자	60	5
7	건대입구	62	2
7	고속터미널	135	3
7	고속터미널	251	9
7	이수	137	4
7	대림	221	2
7	가산디지털단지	88	1
7	온수	82	1
8	천호	28	5
8	석촌	66	9
8	잠실	152	2
8	가락시장	28	3
9	종합운동장	75	2
9	석촌	66	8
9	올림픽공원	74	5
